17
33
41
55
70
83
96
98
98
112
121
131
143
143
145
147
172
178
179
192
205
209
209
242
244
263
266
285
286
289
309
313
313
314
315
329
332
339
343
347
358
364
367
368
379
381
405
408
410
418
423
453
456
461
462
483
494
513
537
539
549
550
573
574
578
581
588
613
619
623
634
634
638
644
644
651
668
680
680
713
713
729
735
745
755
763
775
784
791
803
807
807
812
829
835
843
844
845
846
868
882
899
909
919
921
928
944
951
951
951
953
967
979
982
988
990
991
1000
1013
1023
1024
1040
1049
1056
1061
1122
1134
1142
1145
1146
1149
1150
1165
1174
1177
1203
1207
1215
1228
1232
1246
1252
1256
1273
1276
1277
1283
1285
1285
1308
1325
1335
1345
1350
1361
1365
1376
1390
1392
1395
1395
1399
1453
1460
1462
1464
1464
1489
1497
1540
1544
1550
1553
1553
1557
1563
1569
1579
1582
1583
1591
1595
1618
1638
1645
1658
1660
1664
1674
1679
1691
1715
1721
1730
1755
1770
1784
1810
1821
1830
1833
1843
1892
1906
1917
1926
1934
1959
1977
1978
1980
1999
2009
2024
2031
2042
2050
2058
2074
2075
2081
2083
2092
2093
2115
2128
2150
2151
2164
2172
2188
2195
2203
2206
2232
2243
2248
2267
2296
2309
2311
2313
2313
2313
2318
2356
2362
2369
2371
2372
2424
2428
2439
2476
2489
2509
2518
2525
2539
2543
2552
2572
2581
2591
2593
2618
2664
2692
2704
2704
2708
2726
2727
2728
2730
2733
2756
2760
2761
2766
2771
2794
2798
2807
2819
2825
2830
2832
2846
2853
2870
2889
2889
2896
2907
2943
2947
2948
2949
2952
2974
2980
2996
2996
3000
3001
3016
3024
3036
3043
3045
3054
3058
3067
3077
3078
3080
3092
3108
3112
3129
3132
3133
3143
3147
3158
3196
3204
3225
3226
3230
3232
3259
3283
3302
3311
3328
3344
3365
3379
3390
3395
3416
3420
3436
3456
3479
3511
3546
3550
3555
3571
3579
3594
3598
3607
3612
3614
3619
3620
3620
3631
3651
3652
3663
3674
3684
3691
3702
3705
3732
3757
3763
3766
3769
3770
3782
3783
3785
3792
3796
3805
3815
3818
3837
3844
3860
3877
3879
3893
3904
3904
3908
3924
3931
3949
3956
3964
3968
4016
4016
4033
4036
4037
4038
4057
4094
4103
4110
4112
4114
4121
4130
4144
4161
4165
4171
4174
4212
4226
4240
4241
4251
4262
4273
4279
4284
4287
4296
4319
4327
4330
4337
4338
4349
4354
4357
4364
4364
4365
4367
4381
4414
4430
4431
4464
4475
4481
4495
4548
4550
4577
4581
4595
4610
4613
4617
4651
4661
4666
4736
4756
4766
4766
4770
4774
4784
4787
4790
4793
4800
4817
4824
4828
4830
4838
4846
4848
4851
4857
4893
4897
4907
4921
4961
4973
4990
5001
5017
5024
5034
5054
5072
5084
5093
5105
5117
5120
5180
5200
5217
5220
5224
5229
5230
5241
5244
5258
5271
5283
5302
5303
5303
5316
5316
5319
5341
5347
5349
5375
5377
5386
5389
5394
5400
5408
5414
5424
5435
5446
5454
5456
5457
5459
5465
5477
5477
5487
5497
5503
5529
5551
5558
5558
5571
5614
5618
5636
5657
5671
5683
5684
5687
5690
5695
5695
5701
5701
5702
5704
5705
5711
5713
5725
5727
5728
5733
5740
5747
5749
5753
5772
5775
5775
5803
5836
5854
5865
5884
5885
5887
5888
5895
5915
5929
5941
5952
5954
5954
5962
5964
5971
5973
5991
5992
6021
6042
6052
6056
6066
6069
6070
6074
6075
6078
6080
6092
6092
6097
6124
6151
6163
6173
6184
6193
6209
6219
6239
6240
6261
6275
6279
6314
6329
6344
6356
6376
6387
6400
6408
6413
6414
6418
6421
6426
6438
6443
6457
6464
6473
6485
6486
6504
6523
6528
6528
6529
6539
6541
6543
6552
6559
6572
6603
6631
6640
6645
6647
6648
6649
6656
6659
6673
6717
6724
6737
6741
6744
6748
6755
6756
6757
6791
6863
6875
6880
6888
6899
6904
6915
6917
6927
6934
6934
6941
6943
6949
6951
6951
6952
6971
6991
6997
7000
7009
7010
7011
7025
7027
7030
7049
7069
7072
7088
7089
7095
7121
7124
7125
7135
7158
7159
7159
7168
7186
7187
7223
7228
7249
7257
7265
7274
7290
7328
7339
7350
7370
7387
7400
7402
7406
7409
7410
7420
7428
7445
7462
7464
7476
7477
7490
7490
7493
7509
7513
7524
7555
7570
7583
7585
7589
7595
7621
7622
7625
7651
7653
7654
7664
7669
7674
7682
7693
7701
7703
7714
7720
7731
7734
7751
7752
7755
7773
7774
7783
7783
7784
7795
7795
7803
7816
7825
7838
7856
7870
7875
7887
7891
7900
7906
7909
7923
7927
7930
7932
7972
7981
7997
8000
8000
8008
8013
8020
8021
8033
8048
8058
8075
8082
8096
8102
8106
8113
8129
8137
8143
8145
8153
8155
8166
8171
8174
8174
8185
8188
8195
8199
8215
8224
8229
8238
8251
8253
8260
8277
8284
8286
8298
8318
8320
8322
8327
8345
8356
8391
8394
8397
8398
8404
8412
8415
8418
8428
8458
8462
8466
8513
8517
8529
8541
8546
8550
8551
8552
8563
8577
8581
8598
8601
8625
8634
8642
8644
8654
8656
8656
8678
8681
8695
8709
8715
8730
8736
8739
8756
8763
8764
8780
8787
8788
8802
8808
8814
8832
8847
8861
8869
8871
8898
8909
8913
8928
8937
8951
8965
9023
9044
9046
9065
9069
9078
9094
9102
9120
9122
9124
9126
9126
9138
9151
9158
9176
9187
9190
9193
9201
9210
9210
9215
9233
9237
9242
9247
9287
9290
9298
9306
9346
9365
9369
9371
9371
9374
9386
9436
9445
9451
9452
9462
9466
9468
9471
9488
9495
9496
9523
9535
9550
9562
9573
9585
9596
9602
9614
9618
9626
9630
9641
9652
9664
9670
9674
9703
9710
9711
9714
9725
9726
9727
9732
9763
9765
9768
9770
9777
9787
9798
9798
9801
9807
9815
9821
9822
9829
9831
9849
9871
9881
9885
9895
9930
9934
9936
9938
9945
9945
9946
9960
9966
9971
9980
9996
10007
10026
10032
10041
10045
10047
10052
10052
10058
10067
10069
10075
10077
10100
10103
10103
10103
10113
10128
10146
10155
10161
10167
10169
10176
10179
10199
10207
10210
10221
10227
10230
10268
10283
10287
10289
10290
10293
10293
10300
10324
10333
10361
10376
10391
10392
10398
10407
10417
10418
10418
10423
10429
10431
10445
10449
10450
10450
10452
10456
10467
10468
10492
10512
10528
10531
10543
10552
10552
10559
10562
10576
10582
10585
10590
10612
10624
10634
10642
10645
10645
10649
10665
10678
10682
10688
10696
10705
10714
10736
10756
10759
10764
10811
10816
10820
10828
10839
10842
10844
10870
10878
10886
10904
10918
10946
10974
10991
10995
10998
11004
11006
11025
11028
11036
11052
11052
11056
11059
11075
11086
11106
11106
11125
11132
11143
11153
11166
11166
11181
11188
11191
11200
11237
11251
11260
11269
11272
11274
11281
11282
11291
11305
11311
11318
11339
11340
11362
11372
11375
11378
11383
11424
11426
11433
11444
11447
11465
11466
11468
11473
11493
11502
11509
11510
11510
11523
11550
11551
11560
11569
11579
11587
11608
11632
11634
11637
11685
11691
11692
11703
11708
11718
11739
11760
11779
11790
11791
11792
11796
11805
11813
11820
11824
11833
11845
11854
11859
11860
11865
11885
11899
11912
11912
11918
11928
11937
11953
11962
11991
12001
12009
12025
12034
12040
12047
12061
12064
12072
12072
12087
12096
12096
12127
12127
12130
12134
12143
12157
12167
12169
12182
12188
12191
12214
12220
12223
12242
12258
12266
12278
12287
12301
12306
12321
12323
12337
12342
12345
12347
12352
12367
12379
12393
12398
12401
12405
12410
12411
12411
12417
12424
12424
12455
12464
12468
12475
12479
12501
12502
12504
12550
12550
12552
12555
12573
12574
12580
12581
12582
12588
12616
12617
12636
12648
12664
12677
12682
12699
12706
12718
12733
12736
12738
12753
12764
12764
12772
12781
12808
12822
12836
12854
12855
12860
12864
12864
12877
12885
12910
12920
12943
12949
12958
12968
12973
12976
12976
12991
13009
13010
13019
13020
13024
13025
13029
13042
13053
13053
13055
13086
13106
13115
13117
13139
13150
13161
13165
13168
13189
13213
13231
13239
13245
13248
13262
13271
13292
13302
13306
13308
13323
13330
13334
13344
13345
13353
13365
13366
13368
13384
13393
13396
13409
13412
13426
13450
13454
13457
13475
13476
13481
13492
13512
13515
13536
13543
13544
13565
13589
13591
13608
13618
13624
13624
13637
13638
13643
13644
13662
13670
13679
13713
13716
13718
13725
13749
13754
13768
13795
13808
13809
13813
13819
13819
13833
13836
13838
13840
13842
13853
13859
13868
13870
13885
13903
13918
13930
13933
13938
13938
13948
13966
13976
13978
14008
14032
14042
14043
14050
14055
14065
14069
14073
14075
14076
14076
14080
14085
14092
14093
14106
14112
14118
14120
14133
14134
14143
14152
14188
14189
14195
14196
14197
14212
14217
14224
14230
14240
14258
14274
14297
14297
14301
14304
14307
14323
14324
14334
14339
14340
14342
14347
14357
14365
14369
14377
14395
14400
14407
14418
14418
14455
14458
14458
14462
14464
14464
14468
14472
14480
14482
14501
14527
14540
14547
14559
14562
14569
14576
14602
14616
14619
14631
14634
14638
14669
14692
14708
14714
14722
14742
14747
14785
14809
14809
14856
14869
14870
14879
14880
14891
14898
14898
14899
14909
14926
14933
14936
14945
14953
14960
15001
15002
15010
15011
15015
15024
15041
15050
15054
15070
15077
15085
15092
15094
15098
15105
15108
15108
15119
15121
15131
15137
15142
15158
15166
15172
15205
15205
15216
15218
15224
15226
15229
15248
15255
15260
15264
15272
15274
15276
15284
15288
15298
15314
15336
15339
15341
15367
15381
15384
15409
15427
15430
15435
15446
15464
15467
15478
15486
15491
15497
15522
15539
15577
15615
15620
15635
15640
15643
15644
15657
15670
15671
15671
15678
15721
15729
15745
15791
15813
15818
15850
15852
15880
15888
15889
15907
15913
15915
15917
15924
15931
15952
16001
16003
16003
16020
16024
16026
16026
16033
16038
16053
16053
16062
16064
16064
16068
16068
16068
16101
16108
16113
16121
16124
16128
16134
16137
16159
16165
16175
16189
16217
16217
16233
16251
16252
16254
16266
16293
16327
16343
16386
16389
16389
16392
16399
16400
16404
16425
16427
16437
16439
16445
16454
16480
16501
16508
16528
16530
16533
16548
16555
16555
16561
16566
16572
16608
16620
16624
16629
16654
16661
16684
16701
16708
16727
16736
16769
16785
16794
16797
16802
16811
16818
16830
16838
16863
16866
16870
16871
16872
16874
16880
16883
16902
16913
16920
16920
16921
16926
16929
16936
16962
16965
16983
16995
17004
17021
17024
17032
17035
17043
17076
17097
17097
17098
17101
17102
17107
17112
17114
17116
17121
17125
17148
17164
17169
17180
17213
17222
17227
17228
17238
17259
17287
17294
17303
17320
17320
17329
17336
17347
17353
17359
17366
17367
17370
17370
17374
17387
17388
17396
17399
17404
17425
17427
17430
17436
17456
17457
17466
17468
17481
17489
17503
17516
17536
17545
17549
17578
17586
17611
17626
17630
17640
17644
17645
17651
17663
17666
17671
17676
17682
17691
17698
17706
17707
17710
17711
17730
17733
17740
17756
17758
17770
17771
17778
17787
17789
17803
17813
17820
17820
17841
17842
17877
17881
17891
17891
17893
17895
17927
17928
17937
17948
17966
17968
17969
17969
17972
17980
17992
18011
18012
18018
18018
18025
18034
18043
18092
18140
18146
18146
18151
18153
18154
18157
18165
18182
18199
18220
18240
18268
18276
18287
18289
18290
18290
18292
18319
18366
18373
18374
18400
18415
18425
18450
18453
18457
18469
18469
18471
18474
18484
18485
18501
18508
18512
18522
18539
18555
18589
18621
18621
18626
18642
18644
18651
18658
18673
18684
18714
18716
18718
18719
18726
18728
18736
18758
18763
18778
18779
18803
18810
18831
18843
18850
18851
18854
18855
18858
18878
18881
18904
18944
18951
18959
18974
18975
18996
19010
19035
19038
19055
19094
19103
19104
19118
19137
19141
19163
19169
19170
19183
19191
19196
19207
19213
19234
19235
19241
19247
19248
19260
19299
19304
19333
19335
19341
19345
19353
19357
19359
19365
19374
19387
19412
19414
19440
19440
19452
19458
19475
19489
19490
19491
19511
19516
19532
19536
19539
19553
19555
19560
19564
19574
19576
19582
19593
19593
19608
19613
19621
19621
19627
19633
19633
19645
19661
19672
19676
19686
19732
19735
19747
19757
19769
19782
19794
19808
19809
19809
19812
19831
19842
19850
19852
19857
19871
19876
19877
19880
19896
19912
19928
19933
19938
19948
19949
19949
19953
19962
19967
19995
19999
20010
20021
20025
20049
20090
20097
20106
20118
20118
20124
20128
20154
20157
20163
20173
20185
20212
20243
20251
20262
20269
20272
20284
20310
20311
20325
20334
20340
20357
20357
20370
20379
20386
20392
20399
20404
20411
20412
20420
20429
20448
20449
20456
20461
20473
20476
20487
20491
20507
20511
20531
20542
20557
20562
20569
20582
20590
20595
20619
20640
20641
20658
20670
20692
20693
20697
20713
20719
20728
20752
20762
20782
20785
20801
20822
20822
20824
20825
20832
20844
20853
20874
20875
20880
20880
20884
20893
20938
20949
20960
20962
20965
20972
20995
21009
21015
21027
21032
21035
21036
21050
21053
21098
21102
21108
21110
21147
21170
21175
21176
21184
21188
21196
21202
21209
21239
21264
21269
21274
21276
21280
21283
21286
21300
21308
21321
21352
21355
21391
21402
21402
21403
21409
21411
21416
21425
21428
21429
21431
21433
21449
21452
21463
21475
21483
21489
21494
21517
21549
21552
21554
21570
21574
21577
21580
21586
21591
21592
21595
21602
21609
21611
21622
21627
21648
21650
21658
21663
21669
21672
21674
21691
21693
21697
21711
21724
21724
21734
21739
21759
21759
21809
21816
21840
21850
21854
21854
21855
21866
21875
21886
21894
21898
21903
21915
21915
21931
21943
21949
21949
21960
21970
21973
21983
21993
22028
22039
22041
22042
22042
22048
22054
22057
22064
22085
22088
22098
22100
22108
22113
22128
22146
22151
22169
22181
22203
22210
22213
22215
22218
22226
22229
22230
22268
22272
22277
22278
22282
22285
22306
22312
22329
22336
22340
22373
22378
22383
22391
22436
22453
22457
22478
22495
22504
22523
22550
22558
22577
22578
22587
22588
22597
22609
22610
22617
22622
22654
22656
22657
22664
22677
22696
22721
22746
22750
22750
22754
22756
22768
22776
22786
22790
22793
22805
22819
22829
22863
22870
22872
22887
22889
22893
22905
22924
22935
22937
22938
22938
22947
22955
22973
22985
22987
23015
23030
23051
23054
23056
23064
23067
23069
23084
23095
23128
23135
23138
23139
23152
23160
23169
23177
23180
23185
23200
23220
23224
23227
23237
23240
23244
23245
23256
23268
23276
23282
23285
23297
23312
23319
23323
23336
23336
23355
23359
23385
23389
23393
23417
23420
23422
23437
23447
23462
23464
23473
23476
23480
23481
23491
23513
23515
23532
23544
23561
23564
23573
23575
23599
23607
23608
23609
23610
23610
23616
23626
23635
23636
23656
23660
23699
23722
23724
23741
23755
23761
23770
23774
23785
23806
23807
23807
23830
23839
23844
23869
23878
23889
23891
23904
23927
24000
24004
24010
24018
24029
24030
24034
24038
24040
24060
24060
24068
24075
24076
24088
24095
24104
24148
24151
24203
24207
24228
24238
24247
24250
24254
24265
24270
24279
24298
24302
24315
24341
24348
24353
24376
24377
24387
24393
24402
24407
24415
24420
24425
24436
24438
24442
24443
24449
24455
24460
24467
24472
24475
24477
24489
24491
24500
24503
24508
24508
24519
24523
24524
24527
24548
24560
24562
24575
24579
24613
24615
24642
24659
24663
24682
24689
24695
24695
24708
24709
24710
24715
24716
24725
24726
24745
24746
24753
24777
24812
24820
24828
24830
24858
24870
24872
24874
24881
24893
24898
24906
24941
24941
24943
24963
24971
24980
25009
25041
25087
25106
25108
25110
25138
25149
25156
25158
25162
25189
25204
25212
25213
25235
25261
25264
25272
25302
25315
25319
25320
25322
25348
25358
25363
25371
25383
25384
25390
25409
25410
25427
25436
25456
25497
25503
25508
25515
25521
25540
25552
25576
25578
25584
25584
25601
25607
25608
25611
25639
25648
25670
25676
25688
25709
25711
25715
25726
25740
25750
25765
25779
25785
25795
25806
25817
25822
25838
25863
25874
25878
25879
25888
25904
25923
25936
25949
25956
25975
25977
25980
25993
26027
26034
26051
26058
26069
26099
26110
26110
26116
26125
26129
26145
26151
26152
26157
26163
26178
26196
26207
26208
26210
26214
26229
26234
26237
26246
26254
26254
26265
26268
26280
26308
26316
26328
26330
26334
26341
26347
26347
26352
26358
26359
26359
26368
26374
26380
26381
26389
26401
26401
26421
26424
26435
26436
26466
26474
26477
26482
26486
26495
26497
26499
26523
26533
26551
26564
26570
26575
26579
26585
26604
26617
26647
26662
26671
26678
26684
26685
26724
26739
26740
26749
26787
26789
26795
26801
26803
26803
26806
26809
26822
26831
26834
26838
26838
26860
26866
26886
26913
26925
26930
26938
26942
26966
26977
26988
27011
27020
27030
27035
27052
27072
27076
27086
27091
27102
27106
27108
27112
27135
27140
27145
27155
27156
27158
27184
27187
27188
27188
27201
27210
27234
27236
27248
27266
27272
27286
27295
27302
27317
27321
27339
27343
27351
27360
27360
27372
27380
27383
27383
27395
27423
27434
27446
27452
27456
27463
27478
27482
27537
27538
27540
27547
27549
27551
27557
27562
27567
27569
27572
27598
27610
27628
27651
27670
27670
27683
27683
27711
27715
27722
27727
27748
27750
27751
27756
27757
27760
27766
27768
27768
27780
27784
27792
27799
27829
27852
27854
27866
27868
27871
27886
27888
27900
27902
27903
27905
27916
27919
27924
27928
27950
27954
27955
27964
27968
27984
28011
28012
28031
28035
28054
28065
28067
28085
28104
28110
28113
28119
28123
28162
28180
28183
28197
28213
28213
28213
28217
28219
28264
28289
28289
28296
28298
28299
28303
28310
28320
28333
28345
28348
28354
28357
28360
28375
28397
28447
28467
28476
28490
28516
28523
28528
28542
28549
28564
28567
28573
28574
28574
28582
28598
28599
28620
28658
28661
28675
28683
28698
28711
28719
28719
28723
28733
28735
28739
28756
28760
28761
28762
28762
28767
28771
28788
28795
28801
28809
28819
28823
28830
28831
28850
28852
28852
28853
28857
28861
28868
28873
28877
28892
28927
28937
28946
28956
28976
28985
28991
29057
29072
29099
29102
29105
29119
29129
29138
29140
29153
29157
29160
29174
29190
29195
29209
29230
29250
29264
29265
29270
29279
29287
29291
29313
29315
29317
29324
29334
29341
29345
29357
29377
29385
29392
29407
29420
29446
29453
29464
29478
29479
29487
29518
29525
29534
29555
29582
29587
29590
29595
29598
29601
29602
29603
29615
29619
29621
29626
29635
29663
29683
29698
29702
29710
29723
29737
29739
29748
29755
29770
29772
29773
29782
29788
29800
29803
29810
29819
29828
29833
29837
29839
29845
29861
29865
29881
29883
29884
29931
29962
29965
29998
29999
30001
30018
30020
30026
30039
30041
30042
30052
30069
30073
30077
30087
30088
30094
30106
30107
30122
30137
30139
30140
30149
30153
30155
30155
30159
30171
30192
30208
30224
30233
30246
30259
30273
30274
30276
30318
30343
30344
30356
30357
30360
30427
30428
30429
30436
30440
30447
30454
30477
30484
30490
30497
30507
30508
30515
30525
30525
30527
30531
30547
30550
30558
30565
30604
30615
30618
30631
30633
30652
30702
30705
30712
30724
30728
30766
30807
30813
30821
30828
30831
30841
30841
30849
30855
30874
30908
30909
30949
30956
30967
30973
30974
30977
30983
30984
30998
31033
31045
31054
31058
31065
31070
31101
31108
31112
31118
31143
31147
31149
31171
31218
31228
31235
31251
31286
31290
31302
31304
31312
31341
31345
31350
31352
31362
31372
31374
31379
31380
31385
31393
31396
31396
31406
31407
31409
31444
31450
31460
31484
31498
31501
31529
31553
31563
31575
31590
31593
31598
31598
31604
31615
31651
31657
31679
31715
31719
31734
31740
31762
31775
31778
31821
31827
31831
31835
31849
31852
31869
31870
31907
31933
31957
31964
31966
31977
31991
31992
32002
32011
32023
32039
32052
32076
32076
32089
32107
32112
32116
32137
32142
32161
32182
32190
32193
32199
32201
32204
32213
32232
32233
32243
32243
32249
32257
32266
32292
32303
32305
32309
32324
32328
32351
32357
32372
32380
32386
32393
32393
32396
32401
32401
32411
32415
32431
32439
32452
32458
32466
32467
32469
32490
32500
32520
32522
32525
32531
32551
32561
32565
32578
32585
32586
32589
32592
32606
32615
32618
32621
32630
32631
32654
32661
32663
32680
32685
32691
32696
32704
32706
32710
32712
32727
32739
32750
32752
32757
32757
32757
32773
32778
32782
32801
32807
32822
32833
32838
32851
32862
32865
32871
32872
32896
32897
32916
32929
32946
32953
32977
33006
33033
33048
33056
33057
33062
33069
33086
33103
33106
33114
33119
33132
33142
33148
33154
33167
33194
33194
33216
33237
33251
33257
33265
33290
33299
33323
33328
33375
33389
33401
33409
33416
33429
33439
33439
33455
33460
33465
33471
33472
33491
33505
33520
33522
33529
33537
33550
33565
33576
33593
33599
33611
33625
33630
33646
33661
33667
33674
33677
33681
33697
33749
33751
33763
33777
33808
33815
33819
33822
33829
33833
33836
33846
33847
33853
33855
33868
33887
33891
33900
33900
33914
33921
33939
33941
33964
33990
34005
34016
34025
34026
34048
34069
34071
34082
34104
34114
34118
34150
34150
34174
34177
34186
34187
34203
34206
34207
34216
34226
34241
34268
34274
34285
34288
34297
34299
34314
34320
34338
34355
34356
34368
34373
34374
34411
34412
34418
34428
34432
34435
34438
34442
34450
34464
34464
34464
34476
34483
34486
34513
34533
34533
34534
34536
34541
34548
34550
34564
34565
34572
34612
34613
34618
34619
34626
34628
34633
34647
34662
34690
34693
34696
34696
34699
34705
34706
34728
34736
34749
34804
34810
34812
34819
34824
34835
34852
34866
34877
34896
34898
34899
34901
34907
34914
34927
34927
34936
34954
34969
34978
34983
34991
34999
35002
35004
35012
35019
35035
35060
35089
35097
35101
35114
35129
35130
35135
35137
35155
35170
35175
35179
35188
35214
35215
35216
35227
35229
35240
35244
35257
35278
35294
35294
35303
35306
35310
35311
35313
35318
35322
35324
35326
35332
35353
35366
35382
35385
35392
35393
35397
35402
35422
35436
35440
35447
35471
35472
35481
35489
35500
35506
35519
35527
35546
35572
35573
35576
35586
35594
35599
35606
35613
35616
35621
35656
35660
35669
35687
35691
35694
35701
35709
35741
35744
35764
35785
35790
35793
35796
35799
35835
35842
35854
35875
35890
35892
35897
35903
35903
35926
35930
35930
35939
35960
35960
35972
35984
35984
36008
36026
36036
36064
36071
36083
36107
36111
36129
36141
36145
36151
36201
36227
36231
36236
36238
36242
36245
36264
36264
36283
36308
36325
36336
36337
36337
36338
36351
36360
36363
36379
36406
36408
36410
36418
36426
36438
36448
36449
36466
36466
36468
36470
36478
36481
36497
36505
36507
36508
36520
36522
36532
36575
36582
36598
36599
36602
36610
36612
36612
36640
36642
36644
36649
36652
36657
36664
36666
36668
36675
36680
36686
36691
36706
36721
36725
36730
36734
36738
36739
36754
36766
36779
36780
36796
36803
36804
36811
36827
36834
36840
36849
36850
36862
36900
36907
36916
36928
36949
36992
37001
37008
37034
37034
37038
37044
37046
37054
37057
37062
37073
37102
37145
37149
37169
37193
37203
37206
37212
37215
37227
37228
37231
37269
37288
37303
37306
37354
37385
37396
37421
37457
37473
37475
37485
37528
37531
37535
37547
37554
37555
37562
37564
37569
37582
37594
37594
37603
37641
37644
37648
37664
37682
37704
37707
37780
37783
37787
37815
37816
37819
37823
37840
37841
37847
37849
37849
37872
37879
37884
37890
37915
37915
37925
37927
37938
37943
37944
37987
37990
38002
38002
38003
38005
38007
38009
38010
38015
38023
38030
38042
38042
38044
38046
38068
38087
38098
38111
38118
38118
38122
38127
38128
38135
38139
38143
38168
38179
38185
38204
38207
38208
38244
38254
38255
38259
38264
38280
38290
38290
38296
38314
38321
38328
38358
38411
38411
38413
38417
38420
38422
38435
38451
38454
38460
38475
38485
38494
38513
38514
38516
38523
38527
38582
38593
38594
38603
38615
38622
38625
38633
38640
38664
38667
38673
38674
38679
38683
38685
38708
38738
38767
38775
38804
38810
38819
38839
38839
38843
38846
38857
38872
38877
38921
38925
38953
38972
39003
39007
39013
39017
39023
39028
39033
39034
39042
39043
39046
39054
39075
39079
39096
39100
39104
39116
39129
39134
39134
39136
39147
39150
39165
39170
39187
39193
39204
39211
39217
39227
39230
39232
39245
39258
39273
39273
39283
39285
39292
39311
39323
39325
39326
39346
39358
39361
39363
39375
39394
39423
39427
39433
39445
39452
39455
39462
39466
39469
39475
39476
39479
39487
39488
39488
39494
39538
39566
39575
39581
39599
39602
39608
39608
39611
39635
39637
39654
39668
39692
39703
39738
39743
39744
39746
39759
39780
39797
39813
39816
39837
39845
39851
39853
39857
39890
39895
39900
39906
39918
39918
39929
39933
39946
39968
39981
39983
40038
40041
40046
40048
40051
40103
40123
40140
40142
40149
40152
40191
40200
40200
40214
40219
40227
40231
40241
40251
40253
40274
40279
40320
40330
40333
40340
40413
40422
40439
40450
40462
40474
40514
40516
40520
40586
40596
40603
40607
40620
40621
40625
40630
40633
40634
40640
40647
40656
40668
40674
40683
40706
40720
40720
40751
40755
40780
40801
40805
40812
40833
40845
40881
40889
40909
40910
40916
40933
40940
40947
40949
40962
40963
40964
40966
40966
40972
41010
41010
41017
41025
41026
41074
41078
41080
41085
41107
41116
41117
41125
41125
41133
41135
41162
41163
41164
41168
41169
41182
41202
41261
41267
41280
41281
41305
41307
41311
41312
41320
41343
41348
41349
41350
41373
41380
41397
41397
41413
41414
41427
41428
41428
41438
41450
41457
41470
41471
41476
41484
41496
41542
41551
41565
41578
41609
41611
41641
41645
41646
41652
41676
41678
41685
41695
41696
41705
41706
41716
41737
41753
41759
41780
41804
41815
41831
41834
41852
41854
41865
41875
41885
41904
41908
41908
41910
41921
41921
41936
41947
41960
41972
42010
42011
42012
42015
42015
42052
42055
42059
42075
42076
42078
42080
42101
42105
42107
42110
42155
42158
42165
42174
42184
42214
42217
42226
42226
42251
42252
42256
42257
42262
42269
42276
42278
42280
42303
42308
42310
42336
42337
42371
42376
42387
42390
42401
42403
42410
42411
42443
42448
42449
42481
42482
42490
42508
42508
42510
42519
42522
42529
42535
42573
42579
42581
42582
42583
42592
42596
42596
42608
42609
42615
42627
42669
42719
42719
42721
42748
42750
42758
42762
42793
42793
42793
42801
42801
42805
42816
42819
42839
42849
42907
42914
42919
42926
42935
42952
42966
42968
42974
42979
42980
42985
42987
42992
43000
43007
43018
43018
43055
43065
43078
43083
43088
43145
43158
43159
43168
43186
43192
43196
43199
43226
43226
43251
43276
43281
43286
43319
43325
43330
43333
43348
43362
43373
43386
43392
43399
43401
43408
43423
43450
43451
43470
43470
43475
43477
43494
43501
43511
43520
43527
43529
43533
43533
43541
43546
43556
43569
43575
43584
43585
43585
43605
43614
43614
43633
43648
43654
43658
43670
43671
43673
43684
43684
43689
43695
43707
43707
43722
43727
43727
43730
43736
43743
43744
43750
43762
43769
43798
43800
43814
43814
43818
43838
43841
43850
43854
43867
43871
43885
43890
43911
43944
43947
43966
43970
43977
43980
43983
43998
44014
44014
44017
44038
44043
44044
44045
44046
44067
44070
44089
44100
44100
44105
44113
44134
44192
44194
44199
44200
44231
44238
44256
44274
44276
44277
44289
44297
44298
44299
44300
44318
44324
44338
44341
44362
44369
44378
44389
44403
44411
44440
44452
44470
44470
44486
44487
44500
44504
44506
44510
44515
44521
44521
44526
44528
44528
44534
44542
44562
44562
44585
44598
44619
44622
44623
44624
44638
44685
44694
44696
44702
44709
44723
44745
44759
44783
44784
44788
44805
44821
44825
44830
44831
44833
44838
44872
44872
44875
44886
44893
44893
44896
44905
44923
44948
44961
44972
44994
45009
45018
45034
45040
45082
45091
45115
45118
45139
45191
45205
45222
45224
45266
45276
45282
45286
45309
45339
45348
45351
45382
45388
45397
45401
45416
45417
45425
45427
45452
45453
45459
45493
45510
45513
45520
45522
45525
45536
45541
45552
45576
45578
45579
45580
45584
45587
45593
45603
45603
45606
45617
45630
45637
45639
45643
45647
45657
45669
45717
45723
45727
45733
45749
45798
45831
45839
45840
45840
45842
45850
45859
45876
45936
45937
45944
45960
45976
45979
45979
45983
45991
46015
46018
46045
46053
46063
46068
46125
46129
46142
46155
46172
46181
46193
46194
46201
46203
46213
46218
46246
46260
46264
46265
46278
46286
46292
46300
46308
46315
46386
46394
46429
46432
46449
46464
46481
46498
46512
46519
46526
46529
46560
46568
46569
46575
46594
46606
46619
46639
46639
46642
46649
46661
46662
46663
46666
46672
46687
46690
46691
46693
46694
46700
46709
46711
46726
46736
46747
46770
46780
46800
46801
46804
46805
46820
46824
46837
46844
46887
46887
46929
46953
46964
46974
46988
46997
47012
47015
47036
47041
47071
47082
47089
47110
47117
47152
47162
47181
47183
47209
47226
47246
47270
47276
47308
47316
47326
47328
47332
47343
47345
47376
47376
47387
47391
47441
47465
47469
47470
47480
47493
47516
47521
47523
47543
47568
47569
47590
47608
47622
47627
47637
47640
47641
47643
47646
47662
47677
47679
47699
47700
47717
47718
47726
47764
47765
47804
47807
47818
47833
47844
47848
47848
47853
47853
47879
47884
47887
47897
47902
47926
47929
47943
47945
47948
47955
47960
47960
47973
47983
47991
47995
48004
48025
48031
48039
48041
48055
48065
48071
48079
48086
48091
48098
48098
48101
48105
48107
48110
48120
48122
48129
48136
48142
48145
48151
48151
48155
48164
48169
48189
48190
48195
48199
48224
48235
48241
48244
48266
48267
48316
48320
48343
48352
48352
48382
48396
48409
48424
48437
48451
48467
48478
48480
48499
48520
48521
48531
48541
48541
48549
48562
48577
48579
48583
48590
48616
48627
48639
48644
48649
48649
48649
48658
48664
48674
48688
48700
48723
48728
48751
48752
48752
48756
48785
48786
48796
48803
48812
48829
48830
48834
48837
48865
48866
48870
48874
48878
48879
48882
48897
48905
48940
48942
48945
48954
48956
48960
48977
48986
48990
48990
48990
49024
49031
49038
49055
49064
49075
49075
49079
49084
49108
49115
49116
49128
49130
49134
49147
49155
49158
49159
49180
49182
49183
49194
49196
49202
49225
49241
49243
49244
49245
49245
49245
49246
49258
49269
49276
49298
49300
49302
49321
49344
49346
49346
49383
49386
49395
49420
49428
49434
49434
49461
49464
49468
49469
49470
49476
49484
49501
49503
49504
49517
49524
49534
49534
49561
49571
49584
49590
49592
49594
49597
49600
49618
49624
49635
49644
49646
49655
49658
49679
49715
49732
49755
49756
49788
49799
49803
49803
49821
49831
49840
49843
49856
49861
49877
49907
49909
49914
49919
49919
49924
49925
49932
49936
49952
49953
49958
49968
49995
50004
50033
50074
50081
50095
50095
50097
50106
50108
50114
50114
50125
50129
50159
50166
50168
50176
50211
50212
50223
50228
50279
50302
50319
50347
50348
50352
50363
50407
50407
50415
50420
50431
50457
50482
50488
50509
50512
50521
50556
50558
50602
50605
50623
50626
50628
50637
50638
50640
50655
50666
50673
50706
50707
50707
50709
50745
50752
50755
50765
50774
50774
50779
50806
50811
50847
50857
50858
50865
50879
50884
50885
50891
50891
50892
50893
50897
50898
50921
50939
50942
50959
50964
50965
50969
50975
50981
50990
51007
51007
51025
51035
51058
51060
51060
51068
51076
51079
51080
51080
51081
51085
51117
51122
51133
51134
51143
51150
51180
51196
51199
51209
51213
51222
51241
51245
51259
51263
51268
51276
51285
51286
51291
51293
51298
51308
51310
51317
51328
51333
51352
51359
51370
51395
51400
51401
51402
51419
51420
51431
51439
51449
51459
51460
51463
51469
51475
51476
51477
51479
51479
51499
51502
51507
51511
51530
51541
51541
51560
51564
51593
51596
51599
51599
51604
51609
51610
51627
51637
51641
51650
51657
51658
51659
51659
51662
51665
51686
51703
51704
51709
51713
51737
51738
51740
51757
51790
51791
51827
51828
51853
51873
51879
51885
51897
51903
51934
51938
51941
51943
51944
51944
51945
51968
51974
51986
51986
51987
51994
52008
52010
52026
52045
52050
52074
52078
52082
52124
52125
52142
52145
52146
52146
52151
52161
52178
52183
52193
52199
52205
52209
52228
52240
52258
52268
52274
52280
52284
52296
52300
52307
52309
52322
52335
52356
52357
52361
52362
52389
52389
52394
52413
52425
52426
52432
52457
52465
52469
52472
52485
52486
52496
52497
52526
52531
52537
52552
52566
52588
52618
52619
52622
52651
52669
52677
52680
52685
52691
52695
52706
52706
52711
52713
52723
52726
52770
52778
52780
52781
52789
52800
52813
52824
52837
52857
52858
52859
52861
52874
52879
52897
52902
52911
52918
52931
52939
52948
52949
52953
52953
52956
52967
52970
52980
52982
52987
52989
52995
53013
53013
53014
53031
53056
53077
53096
53109
53133
53135
53142
53167
53190
53209
53236
53242
53248
53254
53257
53262
53274
53274
53292
53295
53324
53383
53392
53421
53421
53427
53440
53442
53445
53448
53461
53463
53469
53487
53514
53543
53547
53549
53551
53553
53564
53564
53570
53595
53596
53627
53648
53652
53657
53673
53680
53682
53716
53734
53750
53766
53772
53784
53787
53787
53820
53848
53867
53868
53877
53894
53894
53911
53924
53926
53963
53964
53976
53988
54003
54026
54041
54051
54055
54062
54066
54081
54090
54102
54103
54117
54136
54137
54161
54161
54169
54169
54170
54179
54184
54187
54190
54194
54198
54208
54210
54231
54237
54248
54248
54252
54281
54282
54340
54350
54382
54400
54402
54414
54455
54473
54478
54482
54508
54509
54580
54584
54604
54624
54626
54636
54650
54651
54651
54666
54672
54677
54679
54680
54686
54691
54698
54702
54703
54736
54742
54754
54780
54787
54793
54798
54803
54817
54819
54840
54854
54856
54860
54863
54868
54874
54876
54912
54913
54919
54931
54975
54990
54995
55017
55024
55037
55038
55047
55050
55061
55098
55107
55112
55142
55152
55158
55192
55193
55204
55206
55209
55220
55235
55241
55248
55251
55279
55288
55291
55293
55294
55299
55302
55304
55330
55330
55331
55331
55346
55350
55362
55371
55397
55430
55433
55437
55447
55457
55462
55471
55478
55482
55484
55488
55493
55497
55514
55517
55526
55526
55526
55540
55545
55554
55560
55660
55666
55669
55676
55690
55693
55700
55705
55722
55726
55742
55749
55772
55856
55884
55901
55901
55908
55910
55913
55924
55926
55930
55933
55933
55935
55946
55949
55955
55974
55995
56000
56010
56010
56021
56023
56036
56040
56051
56072
56094
56112
56115
56125
56188
56197
56200
56210
56214
56223
56237
56249
56261
56263
56267
56283
56285
56293
56312
56314
56318
56320
56320
56328
56347
56369
56370
56374
56382
56386
56401
56410
56434
56449
56504
56510
56518
56524
56533
56539
56560
56589
56592
56596
56596
56599
56606
56640
56667
56668
56693
56699
56708
56711
56724
56729
56730
56755
56769
56773
56774
56804
56817
56818
56822
56831
56853
56863
56891
56910
56925
56927
56935
56938
56939
56978
57000
57003
57004
57012
57021
57036
57040
57068
57071
57086
57088
57089
57099
57108
57120
57146
57163
57164
57176
57186
57187
57189
57226
57245
57248
57254
57261
57265
57275
57280
57285
57294
57308
57309
57335
57352
57352
57354
57363
57380
57390
57391
57400
57417
57437
57482
57492
57516
57533
57537
57551
57554
57556
57619
57629
57630
57632
57640
57660
57708
57712
57729
57730
57736
57748
57761
57771
57771
57776
57792
57820
57821
57829
57829
57838
57864
57873
57883
57884
57889
57896
57902
57920
57929
57948
57962
57963
57978
58004
58030
58031
58032
58033
58054
58055
58077
58087
58088
58095
58098
58098
58106
58121
58128
58136
58149
58166
58173
58183
58195
58201
58201
58202
58207
58236
58239
58254
58257
58258
58287
58290
58308
58313
58313
58338
58340
58343
58357
58358
58362
58372
58386
58397
58405
58410
58442
58443
58455
58456
58460
58495
58502
58529
58534
58535
58545
58558
58561
58576
58577
58602
58613
58656
58657
58662
58666
58668
58681
58684
58689
58706
58712
58738
58749
58753
58758
58760
58775
58794
58826
58831
58839
58842
58854
58860
58861
58869
58871
58894
58895
58904
58919
58953
58961
58979
58998
59013
59030
59031
59031
59031
59047
59066
59066
59070
59077
59088
59089
59092
59094
59098
59104
59107
59111
59114
59118
59123
59131
59137
59137
59140
59163
59168
59184
59213
59221
59249
59253
59264
59265
59271
59289
59293
59306
59332
59351
59369
59381
59384
59388
59402
59415
59430
59433
59442
59467
59473
59477
59484
59489
59499
59499
59502
59503
59512
59530
59537
59541
59560
59562
59564
59566
59636
59642
59686
59707
59707
59710
59727
59744
59746
59749
59752
59763
59763
59779
59788
59795
59816
59837
59840
59862
59864
59875
59920
59928
59935
59955
60006
60009
60014
60019
60026
60028
60035
60039
60041
60042
60048
60056
60070
60076
60078
60109
60137
60138
60139
60140
60159
60177
60179
60185
60186
60189
60202
60211
60216
60226
60245
60248
60275
60278
60290
60291
60295
60302
60304
60307
60313
60324
60348
60371
60377
60380
60390
60431
60433
60439
60458
60459
60459
60493
60497
60533
60540
60547
60549
60565
60576
60581
60584
60601
60628
60629
60639
60648
60650
60653
60676
60679
60681
60687
60687
60691
60709
60714
60722
60722
60736
60740
60742
60761
60776
60777
60778
60783
60783
60802
60803
60810
60823
60826
60876
60877
60889
60914
60915
60932
60955
60961
60966
60976
61014
61015
61043
61048
61054
61057
61073
61089
61091
61108
61108
61113
61115
61120
61135
61147
61148
61150
61186
61189
61190
61191
61191
61193
61195
61196
61204
61222
61226
61237
61254
61258
61259
61262
61268
61275
61289
61303
61315
61341
61343
61344
61344
61345
61362
61363
61367
61372
61374
61376
61392
61407
61418
61428
61428
61447
61449
61464
61480
61481
61496
61505
61510
61516
61535
61560
61568
61579
61589
61592
61607
61622
61626
61629
61671
61681
61686
61687
61691
61709
61725
61726
61734
61742
61743
61743
61753
61768
61780
61788
61793
61802
61807
61814
61816
61822
61830
61831
61841
61850
61856
61859
61864
61865
61883
61889
61894
61903
61912
61914
61917
61918
61924
61930
61950
61969
61980
61997
62010
62010
62015
62018
62035
62051
62058
62071
62072
62076
62078
62083
62085
62089
62102
62108
62124
62141
62148
62150
62151
62159
62160
62170
62179
62187
62191
62193
62203
62205
62210
62220
62232
62244
62253
62254
62266
62268
62269
62303
62306
62331
62341
62348
62349
62355
62368
62371
62378
62413
62424
62446
62471
62473
62474
62475
62479
62499
62502
62522
62558
62564
62574
62575
62576
62598
62610
62628
62641
62641
62648
62662
62675
62715
62724
62726
62727
62737
62752
62753
62763
62763
62779
62825
62827
62840
62841
62848
62851
62880
62884
62889
62900
62900
62913
62916
62925
62928
62940
62941
62945
62962
62967
62980
63002
63006
63011
63015
63024
63062
63082
63102
63106
63106
63120
63137
63155
63162
63191
63197
63198
63215
63220
63225
63234
63263
63270
63274
63283
63303
63303
63319
63332
63336
63346
63353
63381
63419
63422
63436
63444
63448
63466
63477
63480
63483
63485
63493
63493
63515
63531
63531
63542
63545
63550
63558
63579
63586
63596
63609
63611
63616
63622
63641
63654
63656
63677
63679
63689
63701
63704
63733
63750
63755
63755
63767
63767
63769
63770
63773
63776
63788
63793
63794
63794
63801
63801
63801
63815
63825
63826
63838
63849
63868
63871
63878
63887
63893
63896
63902
63909
63924
63935
63940
63950
63953
63959
63983
63986
63993
63996
63999
64028
64044
64047
64048
64054
64081
64108
64111
64143
64148
64167
64172
64183
64184
64184
64193
64199
64200
64204
64208
64221
64223
64235
64244
64251
64258
64265
64265
64268
64271
64274
64281
64294
64298
64327
64353
64378
64384
64388
64395
64400
64403
64406
64419
64421
64424
64439
64453
64467
64480
64534
64543
64552
64564
64577
64590
64600
64618
64618
64620
64649
64653
64656
64667
64674
64678
64679
64683
64692
64696
64700
64700
64710
64722
64735
64753
64754
64754
64766
64775
64778
64783
64788
64809
64809
64812
64848
64861
64862
64870
64870
64877
64885
64887
64891
64892
64894
64895
64898
64909
64920
64933
64933
64938
64946
64953
64970
64985
65006
65011
65013
65014
65047
65053
65056
65059
65060
65060
65074
65087
65089
65101
65106
65113
65115
65126
65135
65150
65172
65177
65190
65193
65207
65212
65213
65214
65217
65218
65219
65230
65231
65242
65255
65261
65262
65264
65265
65270
65276
65277
65284
65286
65289
65303
65350
65357
65359
65375
65380
65390
65414
65422
65424
65436
65450
65454
65472
65480
65481
65499
65509
65514
65519
65523
65528
65561
65565
65566
65570
65589
65635
65639
65642
65644
65655
65671
65699
65704
65712
65713
65722
65724
65755
65757
65783
65785
65790
65794
65798
65827
65828
65836
65838
65847
65849
65870
65894
65904
65912
65913
65925
65929
65930
65945
65965
65976
65984
65990
65994
66003
66005
66005
66010
66018
66029
66048
66068
66071
66105
66128
66140
66145
66181
66195
66204
66217
66238
66238
66241
66256
66260
66270
66288
66298
66299
66302
66302
66306
66312
66323
66324
66326
66331
66383
66393
66395
66411
66459
66463
66493
66503
66506
66520
66554
66568
66571
66575
66582
66589
66599
66603
66607
66614
66614
66619
66636
66639
66672
66684
66687
66692
66721
66722
66724
66741
66762
66780
66819
66824
66826
66827
66834
66845
66852
66855
66860
66875
66885
66896
66898
66913
66920
66939
66978
66998
67003
67009
67072
67073
67074
67075
67113
67114
67123
67136
67137
67138
67152
67177
67187
67189
67221
67233
67234
67241
67253
67254
67297
67311
67313
67324
67334
67351
67359
67371
67373
67458
67460
67461
67488
67510
67553
67577
67578
67581
67584
67587
67587
67589
67591
67595
67607
67619
67642
67643
67650
67651
67656
67663
67673
67674
67678
67679
67684
67691
67693
67695
67710
67720
67720
67777
67788
67796
67817
67822
67827
67833
67834
67836
67843
67862
67868
67869
67880
67883
67886
67890
67899
67913
67923
67953
67964
68007
68026
68043
68047
68056
68074
68082
68083
68087
68087
68115
68140
68146
68152
68155
68178
68184
68205
68212
68228
68232
68259
68266
68275
68275
68285
68287
68291
68292
68305
68322
68331
68333
68352
68364
68380
68387
68390
68392
68393
68420
68421
68426
68456
68473
68476
68476
68485
68490
68506
68518
68523
68525
68527
68538
68561
68595
68600
68622
68624
68630
68646
68649
68649
68666
68669
68677
68687
68705
68736
68738
68743
68746
68777
68780
68781
68783
68808
68816
68817
68835
68858
68866
68895
68903
68906
68915
68930
68942
68953
68955
68960
68968
68982
68987
68990
68997
68999
69020
69040
69058
69061
69078
69090
69092
69099
69116
69123
69138
69139
69159
69179
69194
69198
69205
69224
69228
69230
69260
69267
69291
69293
69319
69336
69336
69348
69358
69376
69379
69394
69396
69409
69444
69448
69464
69471
69483
69486
69497
69499
69502
69528
69537
69541
69553
69564
69575
69577
69579
69586
69597
69612
69615
69622
69639
69655
69677
69687
69691
69706
69707
69720
69731
69748
69756
69760
69762
69769
69775
69775
69778
69783
69790
69798
69883
69890
69908
69910
69913
69916
69916
69917
69921
69932
69951
69961
69967
69982
69993
70008
70009
70024
70027
70033
70038
70041
70045
70051
70054
70064
70066
70071
70073
70101
70103
70114
70114
70114
70126
70129
70130
70136
70139
70151
70153
70155
70180
70207
70216
70218
70239
70260
70278
70336
70357
70363
70367
70379
70379
70387
70387
70398
70404
70412
70413
70413
70422
70452
70481
70494
70502
70508
70521
70525
70526
70529
70532
70533
70604
70622
70623
70637
70641
70650
70699
70709
70719
70729
70754
70767
70769
70774
70781
70785
70797
70798
70822
70824
70840
70841
70849
70865
70869
70873
70905
70922
70927
70935
70950
70956
70961
70962
70981
71007
71023
71038
71040
71047
71050
71052
71052
71057
71058
71058
71065
71071
71073
71075
71094
71098
71099
71112
71124
71128
71129
71138
71152
71157
71182
71208
71210
71217
71241
71241
71246
71246
71248
71269
71279
71296
71297
71306
71319
71321
71324
71335
71336
71342
71357
71369
71381
71384
71392
71399
71409
71418
71421
71423
71427
71437
71437
71438
71441
71456
71466
71476
71503
71511
71515
71541
71543
71544
71546
71548
71551
71552
71560
71560
71569
71581
71597
71616
71625
71626
71636
71672
71688
71689
71691
71703
71713
71716
71719
71727
71755
71777
71781
71815
71821
71832
71840
71844
71906
71937
71947
71975
71993
72012
72016
72016
72019
72026
72033
72042
72057
72065
72066
72068
72103
72115
72118
72125
72146
72156
72161
72169
72170
72173
72187
72188
72200
72205
72220
72223
72248
72252
72262
72270
72273
72280
72291
72292
72323
72331
72344
72349
72363
72370
72373
72406
72425
72428
72447
72448
72463
72465
72498
72500
72502
72513
72513
72514
72515
72525
72535
72548
72573
72605
72624
72662
72664
72668
72668
72674
72687
72690
72721
72734
72744
72754
72758
72759
72776
72781
72804
72804
72831
72839
72845
72872
72876
72878
72908
72921
72956
72964
72968
72981
72993
73000
73004
73004
73004
73007
73015
73020
73045
73048
73052
73062
73066
73087
73088
73097
73111
73113
73115
73151
73153
73153
73154
73161
73175
73184
73195
73198
73211
73229
73243
73248
73251
73276
73282
73292
73312
73334
73336
73340
73341
73350
73394
73395
73414
73416
73420
73429
73430
73440
73445
73448
73460
73462
73494
73527
73528
73548
73551
73561
73598
73605
73633
73637
73637
73661
73697
73702
73727
73743
73757
73772
73781
73787
73823
73829
73833
73860
73863
73867
73881
73895
73904
73907
73917
73929
73936
73936
73951
73956
73959
73972
73975
73980
73984
73985
73993
73993
73997
74002
74019
74021
74032
74044
74053
74081
74092
74103
74114
74136
74137
74150
74156
74157
74163
74166
74167
74177
74185
74199
74200
74223
74226
74261
74264
74264
74269
74273
74280
74280
74305
74314
74315
74342
74354
74361
74376
74390
74395
74407
74409
74414
74416
74420
74420
74424
74443
74445
74448
74462
74463
74468
74475
74487
74494
74497
74498
74506
74508
74512
74519
74543
74554
74556
74566
74570
74571
74577
74585
74590
74604
74613
74624
74625
74637
74639
74667
74671
74681
74685
74717
74717
74718
74721
74730
74739
74743
74745
74757
74765
74766
74766
74777
74778
74793
74794
74800
74817
74819
74824
74828
74833
74841
74841
74847
74847
74853
74857
74895
74907
74910
74944
74959
74963
74988
75000
75000
75011
75011
75015
75018
75021
75021
75038
75045
75048
75057
75066
75101
75101
75139
75145
75146
75158
75168
75169
75190
75214
75232
75240
75249
75270
75271
75274
75276
75276
75305
75310
75342
75348
75354
75370
75379
75382
75385
75391
75401
75403
75404
75405
75413
75419
75422
75427
75428
75434
75456
75464
75464
75468
75511
75514
75538
75554
75559
75569
75570
75574
75576
75589
75593
75594
75608
75614
75622
75623
75626
75645
75645
75648
75651
75658
75659
75662
75665
75665
75670
75677
75686
75687
75722
75723
75729
75788
75800
75827
75830
75836
75859
75864
75873
75880
75880
75889
75894
75898
75907
75916
75918
75927
75937
75948
75973
75974
75981
75987
76039
76052
76061
76062
76067
76073
76087
76104
76119
76131
76139
76144
76151
76151
76153
76160
76166
76170
76174
76177
76183
76184
76190
76194
76195
76202
76203
76204
76213
76214
76218
76219
76233
76235
76237
76249
76265
76266
76267
76272
76280
76311
76331
76333
76344
76346
76347
76358
76365
76370
76391
76392
76392
76409
76425
76433
76435
76441
76447
76466
76477
76490
76500
76513
76548
76552
76557
76560
76580
76583
76585
76605
76606
76610
76613
76635
76648
76653
76669
76693
76698
76699
76705
76735
76744
76747
76772
76782
76786
76821
76822
76836
76844
76849
76854
76859
76860
76869
76882
76888
76900
76906
76924
76931
76936
76960
76966
76978
76980
76998
77006
77012
77016
77086
77099
77116
77120
77136
77140
77146
77162
77167
77167
77167
77171
77171
77199
77220
77254
77262
77263
77269
77272
77277
77284
77307
77310
77313
77322
77324
77333
77338
77344
77346
77371
77374
77384
77392
77403
77411
77411
77419
77425
77432
77433
77436
77440
77457
77463
77494
77513
77523
77534
77539
77544
77554
77554
77559
77560
77589
77595
77618
77643
77654
77655
77656
77662
77669
77671
77677
77690
77715
77718
77720
77740
77748
77762
77765
77768
77769
77789
77798
77801
77810
77810
77817
77825
77868
77870
77874
77882
77892
77949
77951
77957
77980
77982
77983
77987
77992
78014
78018
78022
78029
78038
78043
78047
78055
78092
78095
78134
78144
78162
78176
78179
78206
78238
78248
78256
78260
78279
78286
78295
78298
78301
78301
78308
78311
78325
78340
78350
78356
78360
78386
78395
78401
78406
78411
78420
78431
78432
78444
78449
78462
78478
78490
78499
78514
78554
78568
78568
78569
78589
78589
78595
78623
78636
78667
78694
78702
78706
78718
78728
78737
78752
78760
78760
78765
78779
78784
78784
78797
78797
78814
78821
78829
78886
78888
78907
78912
78917
78926
78962
78971
78976
78996
79001
79002
79016
79016
79039
79055
79081
79084
79102
79103
79104
79110
79112
79122
79148
79164
79180
79187
79241
79255
79256
79265
79287
79308
79308
79312
79321
79348
79374
79378
79415
79423
79434
79438
79444
79477
79486
79547
79552
79554
79555
79576
79602
79643
79653
79664
79665
79669
79679
79685
79704
79722
79728
79743
79747
79773
79791
79813
79813
79823
79824
79836
79836
79856
79867
79868
79876
79877
79889
79924
79942
79944
79950
79952
79957
79982
79986
79992
80000
80003
80003
80004
80010
80012
80019
80028
80056
80060
80062
80081
80083
80107
80122
80127
80130
80147
80148
80149
80149
80151
80160
80163
80171
80184
80185
80222
80234
80239
80258
80264
80276
80279
80305
80332
80353
80354
80362
80373
80374
80378
80408
80412
80412
80427
80438
80439
80442
80445
80445
80453
80454
80462
80462
80469
80497
80507
80518
80530
80548
80575
80586
80591
80619
80643
80658
80662
80664
80674
80680
80688
80702
80708
80728
80734
80738
80741
80754
80762
80765
80768
80776
80783
80789
80790
80799
80801
80806
80823
80842
80843
80863
80865
80870
80884
80905
80952
80966
80967
80970
80973
80987
81003
81039
81044
81058
81067
81071
81074
81074
81101
81113
81114
81126
81135
81160
81176
81183
81189
81197
81209
81214
81217
81222
81223
81223
81226
81233
81240
81253
81254
81269
81296
81312
81312
81312
81312
81314
81316
81325
81350
81360
81371
81394
81441
81441
81450
81451
81451
81466
81472
81488
81493
81499
81501
81503
81509
81517
81539
81556
81567
81583
81613
81627
81629
81632
81638
81648
81650
81670
81683
81697
81707
81742
81742
81744
81756
81758
81768
81769
81774
81781
81797
81802
81812
81818
81821
81821
81821
81835
81841
81844
81845
81848
81849
81908
81914
81916
81926
81931
81950
81957
81970
81980
81997
82001
82012
82034
82045
82057
82059
82069
82081
82088
82101
82105
82106
82108
82118
82148
82169
82171
82196
82199
82217
82225
82230
82240
82250
82267
82273
82280
82321
82335
82341
82348
82348
82353
82378
82391
82398
82401
82417
82417
82419
82427
82427
82446
82447
82449
82458
82462
82473
82474
82485
82485
82495
82512
82512
82525
82530
82541
82558
82559
82565
82578
82586
82593
82601
82602
82623
82632
82666
82686
82705
82708
82717
82720
82727
82727
82733
82743
82745
82760
82762
82762
82774
82776
82777
82778
82794
82797
82803
82818
82830
82837
82841
82843
82846
82861
82864
82868
82871
82877
82879
82887
82896
82915
82925
82938
82948
82949
82961
82968
83000
83012
83013
83025
83028
83035
83054
83084
83115
83139
83149
83172
83183
83191
83200
83210
83212
83214
83214
83220
83223
83231
83242
83269
83277
83297
83298
83306
83324
83325
83343
83345
83363
83369
83371
83375
83376
83377
83418
83431
83433
83442
83450
83476
83482
83503
83505
83507
83508
83520
83520
83525
83539
83543
83553
83560
83562
83563
83564
83586
83592
83604
83614
83620
83633
83638
83658
83677
83713
83738
83756
83782
83790
83794
83800
83815
83838
83841
83844
83859
83872
83873
83887
83889
83900
83901
83901
83905
83907
83912
83923
83927
83954
83964
83970
83989
83990
84005
84005
84007
84021
84038
84045
84047
84052
84055
84056
84058
84074
84110
84114
84121
84123
84126
84128
84132
84143
84160
84167
84169
84191
84193
84208
84222
84225
84229
84239
84244
84247
84258
84280
84301
84315
84321
84321
84323
84334
84342
84347
84357
84369
84390
84423
84468
84472
84488
84506
84508
84514
84521
84540
84547
84556
84573
84584
84610
84622
84623
84624
84630
84647
84648
84651
84667
84678
84694
84708
84755
84760
84762
84768
84774
84774
84775
84783
84797
84809
84816
84840
84847
84855
84862
84877
84881
84899
84905
84905
84920
84926
84928
84949
84955
84982
84992
84992
84999
85001
85002
85013
85014
85025
85050
85058
85069
85074
85088
85093
85106
85106
85128
85142
85145
85148
85153
85154
85192
85197
85200
85207
85217
85226
85236
85241
85245
85248
85254
85255
85274
85277
85277
85281
85290
85309
85317
85326
85347
85371
85377
85390
85420
85424
85437
85448
85450
85457
85459
85465
85489
85498
85510
85519
85537
85538
85542
85546
85554
85561
85588
85589
85593
85602
85625
85627
85633
85652
85666
85682
85703
85710
85712
85712
85713
85721
85748
85767
85790
85796
85821
85833
85834
85834
85836
85853
85878
85883
85920
85926
85929
85942
85943
85945
85945
85957
85964
85978
85979
85988
85997
86002
86010
86033
86044
86049
86049
86053
86056
86096
86104
86104
86110
86128
86129
86139
86141
86146
86147
86148
86152
86173
86175
86193
86204
86205
86206
86206
86206
86212
86227
86238
86239
86249
86257
86306
86308
86322
86322
86333
86338
86382
86396
86402
86416
86419
86427
86444
86463
86469
86470
86477
86482
86486
86500
86548
86551
86557
86563
86566
86577
86591
86591
86593
86598
86603
86622
86623
86638
86639
86643
86656
86658
86661
86669
86697
86726
86731
86742
86743
86747
86777
86796
86805
86808
86809
86836
86839
86843
86846
86854
86858
86870
86877
86896
86899
86921
86942
86958
86975
86979
86984
86996
86996
87036
87038
87046
87047
87047
87062
87063
87065
87081
87108
87116
87121
87134
87135
87145
87168
87176
87182
87213
87213
87217
87247
87261
87274
87274
87290
87290
87298
87298
87302
87304
87313
87333
87360
87366
87369
87396
87419
87421
87432
87432
87439
87439
87451
87461
87468
87475
87477
87479
87481
87482
87493
87494
87494
87502
87502
87507
87508
87513
87523
87531
87562
87565
87570
87576
87590
87590
87606
87609
87613
87630
87637
87642
87649
87659
87713
87726
87729
87751
87758
87760
87775
87778
87792
87806
87809
87813
87816
87826
87835
87852
87870
87878
87890
87900
87907
87915
87932
87933
87935
87960
87964
87969
87989
87991
87993
87998
88011
88015
88019
88035
88061
88065
88070
88080
88085
88098
88101
88124
88141
88151
88152
88153
88159
88163
88214
88222
88227
88247
88257
88266
88270
88271
88275
88280
88281
88289
88292
88300
88324
88325
88329
88331
88340
88359
88377
88379
88419
88446
88451
88452
88460
88467
88499
88499
88520
88521
88534
88551
88551
88563
88578
88591
88622
88651
88666
88688
88690
88693
88701
88712
88715
88727
88737
88742
88745
88754
88764
88783
88809
88819
88826
88827
88830
88843
88844
88881
88889
88891
88906
88908
88910
88920
88923
88927
88929
88931
88944
88953
88954
88958
88966
88991
89037
89047
89059
89060
89062
89064
89070
89092
89109
89121
89123
89124
89141
89141
89148
89163
89175
89176
89193
89197
89201
89210
89215
89217
89230
89250
89253
89261
89275
89279
89296
89307
89310
89310
89312
89328
89338
89344
89351
89359
89365
89377
89381
89388
89390
89400
89402
89418
89423
89433
89443
89456
89456
89458
89462
89499
89501
89518
89536
89542
89570
89582
89620
89622
89624
89669
89670
89689
89690
89690
89705
89728
89732
89747
89754
89776
89776
89829
89836
89854
89863
89866
89867
89870
89880
89902
89909
89918
89920
89930
89935
89944
89967
89992
90025
90038
90043
90055
90065
90066
90072
90072
90090
90105
90108
90109
90125
90136
90151
90155
90161
90163
90191
90201
90202
90220
90223
90228
90231
90243
90264
90269
90291
90292
90295
90300
90301
90310
90336
90343
90351
90367
90368
90369
90392
90424
90431
90433
90447
90450
90463
90465
90488
90498
90501
90517
90523
90527
90528
90536
90559
90561
90589
90612
90615
90622
90628
90629
90633
90635
90638
90639
90645
90646
90652
90665
90679
90680
90750
90754
90762
90785
90805
90811
90817
90819
90821
90832
90837
90849
90850
90860
90871
90873
90876
90885
90887
90895
90903
90908
90939
90947
90950
90952
90953
90960
90965
90971
90976
90986
90987
91007
91012
91026
91054
91059
91078
91082
91082
91085
91096
91114
91127
91133
91140
91141
91142
91142
91149
91163
91167
91207
91216
91216
91231
91233
91249
91257
91275
91301
91302
91303
91308
91311
91315
91336
91347
91352
91378
91379
91382
91398
91404
91411
91416
91424
91440
91452
91456
91474
91480
91490
91494
91496
91503
91511
91516
91529
91530
91533
91551
91570
91571
91587
91598
91598
91605
91611
91619
91624
91639
91652
91656
91658
91659
91662
91664
91668
91669
91671
91687
91690
91705
91722
91738
91751
91757
91770
91779
91797
91801
91802
91813
91820
91844
91855
91858
91860
91865
91866
91868
91873
91874
91878
91889
91906
91907
91911
91937
91943
91949
91956
91961
91963
91977
91992
91997
91998
92000
92013
92041
92042
92057
92059
92062
92066
92078
92081
92096
92097
92102
92105
92121
92164
92169
92173
92179
92183
92204
92206
92210
92214
92233
92245
92247
92261
92272
92283
92304
92318
92320
92330
92358
92363
92367
92367
92369
92370
92373
92374
92374
92409
92426
92428
92429
92451
92453
92466
92475
92486
92489
92493
92494
92521
92543
92562
92579
92582
92583
92587
92593
92598
92606
92614
92614
92628
92645
92648
92651
92663
92719
92728
92735
92748
92764
92777
92786
92786
92795
92813
92821
92827
92830
92832
92841
92854
92897
92934
92938
92940
92943
92949
92959
92983
92997
93007
93069
93079
93079
93079
93103
93106
93107
93138
93140
93140
93146
93152
93154
93170
93171
93173
93178
93179
93193
93199
93205
93207
93207
93210
93248
93263
93277
93280
93281
93287
93290
93305
93310
93327
93342
93349
93365
93367
93378
93381
93417
93423
93435
93436
93436
93437
93445
93460
93468
93475
93491
93503
93505
93507
93509
93525
93537
93550
93569
93569
93572
93575
93605
93614
93622
93630
93642
93644
93681
93702
93703
93706
93708
93715
93722
93732
93752
93753
93761
93786
93791
93812
93822
93833
93836
93837
93855
93869
93871
93885
93888
93920
93956
93977
93981
93983
93993
94000
94028
94035
94036
94040
94049
94054
94058
94067
94069
94073
94073
94081
94084
94106
94107
94109
94110
94118
94128
94137
94137
94168
94177
94193
94204
94206
94209
94224
94235
94256
94266
94266
94269
94291
94295
94296
94326
94349
94349
94358
94374
94378
94379
94400
94413
94426
94436
94445
94446
94448
94465
94467
94490
94498
94498
94510
94524
94533
94551
94555
94556
94561
94564
94564
94581
94588
94590
94596
94608
94609
94610
94617
94622
94646
94668
94704
94706
94715
94721
94748
94763
94785
94794
94825
94869
94873
94876
94896
94902
94903
94918
94921
94924
94937
94938
94955
94967
94975
94989
95014
95016
95019
95031
95041
95050
95056
95058
95069
95077
95108
95118
95123
95124
95133
95136
95150
95159
95160
95187
95214
95218
95223
95225
95240
95252
95257
95266
95275
95277
95289
95293
95305
95315
95317
95318
95332
95340
95345
95387
95387
95428
95449
95460
95462
95471
95496
95498
95503
95508
95521
95521
95529
95531
95532
95547
95564
95580
95588
95591
95599
95621
95623
95643
95645
95661
95679
95683
95694
95696
95699
95699
95712
95719
95744
95745
95750
95754
95769
95779
95782
95804
95817
95819
95831
95838
95858
95868
95877
95877
95878
95899
95899
95908
95926
95942
95943
95952
95957
95968
95977
95978
95983
95984
95986
95988
96020
96050
96057
96061
96076
96083
96088
96091
96093
96095
96095
96098
96102
96103
96113
96123
96126
96134
96138
96144
96152
96152
96163
96182
96198
96223
96224
96229
96244
96256
96258
96280
96292
96333
96340
96347
96348
96356
96364
96392
96393
96393
96412
96416
96424
96435
96443
96463
96477
96479
96491
96496
96517
96523
96524
96529
96550
96567
96568
96614
96639
96647
96649
96672
96683
96688
96690
96698
96715
96717
96721
96730
96732
96734
96756
96766
96769
96771
96776
96781
96783
96783
96802
96811
96813
96817
96819
96834
96835
96844
96845
96858
96862
96864
96869
96874
96903
96912
96927
96935
96952
96960
96975
96980
97022
97041
97048
97050
97055
97062
97071
97072
97079
97087
97100
97107
97123
97127
97159
97172
97174
97181
97212
97213
97227
97239
97241
97244
97246
97273
97277
97285
97287
97288
97303
97312
97315
97324
97327
97328
97332
97334
97344
97365
97368
97390
97395
97399
97408
97424
97440
97440
97453
97455
97470
97477
97481
97503
97510
97511
97512
97523
97544
97555
97562
97563
97571
97576
97582
97587
97613
97619
97624
97627
97635
97637
97642
97644
97652
97652
97660
97660
97662
97663
97678
97679
97684
97689
97720
97726
97734
97735
97736
97740
97747
97749
97752
97757
97762
97764
97773
97784
97816
97837
97839
97850
97856
97877
97913
97913
97920
97936
97953
97955
97962
98004
98016
98023
98023
98027
98052
98054
98058
98059
98064
98067
98068
98069
98074
98076
98085
98089
98104
98111
98128
98142
98149
98161
98169
98170
98173
98187
98195
98195
98202
98222
98225
98234
98250
98258
98266
98284
98290
98293
98293
98317
98323
98349
98350
98350
98350
98351
98358
98370
98395
98395
98400
98408
98414
98438
98447
98453
98465
98484
98515
98522
98523
98543
98544
98551
98563
98573
98576
98590
98617
98618
98627
98630
98635
98644
98644
98650
98651
98656
98659
98664
98679
98688
98698
98705
98713
98718
98727
98735
98737
98753
98766
98768
98781
98801
98813
98823
98835
98838
98841
98855
98869
98883
98885
98908
98909
98942
98951
98980
98989
98989
99020
99029
99047
99051
99056
99059
99075
99087
99100
99111
99114
99152
99157
99160
99171
99171
99174
99184
99199
99220
99220
99239
99254
99258
99260
99277
99284
99303
99318
99340
99340
99345
99358
99361
99364
99371
99384
99386
99391
99399
99409
99413
99414
99424
99439
99443
99455
99459
99461
99462
99476
99477
99479
99481
99491
99525
99534
99543
99560
99563
99571
99584
99594
99597
99599
99617
99621
99638
99639
99672
99673
99677
99689
99693
99708
99727
99727
99758
99764
99768
99771
99779
99781
99783
99796
99800
99827
99832
99849
99866
99866
99872
99874
99887
99899
99901
99907
99908
99911
99929
99945
99949
99949
99955
99974
99991
99991
99992
99994
